47770
153152
1578
2620435
1579
1930076
1604
52242
237446
1587
1423748
525365
1591
267818
227945
2042043
1203033
1423758
2596827
3455454
83683
151781
96565
2495899
2838636
227944
2941328
1819254
33959
1600
1596
2107999
508451
2993455
1352
1203069
2594495
947835
872327
1926284
2508708
109790
116089
2773925
2291323
35787
2982695
2991834
2837629
1632
525309
227943
3142768
1598
47493
2838650
2993450
2991831
2742601
1633
2759855
2742598
2762243
2742600
2941331
147802
87541
813
879299
525328
1769424
2268022
2759748
2759747
2759755
2759752
1970790
2838653
2838645
887896
181675
104955
2941332
2838652
2838648
2201249
228229
97478
137357
2695882
2838646
990412
3109363
2487723
3109360
2767905
1007676
381829
2486004
238012
2486005
2486003
319652
1903258
392416
2304606
2801452
1602
1423788
1122151
83526
2801451
3109364
1605
1622
307126
2767887
2837633
993692
1993540
1074467
167481
305793
2559914
3081444
3373892
396716
1423755
1584
29397
1042399
1585
1581136
2797258
2584183
105612
2995136
3344667
1601
176292
2486008
420645
2012477
319653
1907779
54062
1253
762833
2486006
1847728
460870
2486007
1732567
3109358
1612
1255
938155
1617889
2714036
1202668
2767893
152331
216463
1423805
380393
194326
1462575
2486009
267363
267364
179838
1423739
2292255
1580
2767886
2486025
1704076
1054041
2799566
2799568
2953880
528209
1302272
2813935
33958
2991833
3142938
748671
1423763
1310
1227275
1309
857143
1247
1624
575596
575595
38018
1423736
440496
2751030
1218494
1218507
2069348
2832643
1545701
1218493
2751031
2879107
303541
3082862
1239
2069355
2069354
148604
2044939
2981728
2485925
1898203
2185275
2981669
3077420
3048875
1898207
1879010
1872090
2831996
142586
1265
2049431
41978
1898104
29523
1955243
3083246
2030927
2005359
2944216
2499140
879566
889453
472113
1484053
1869227
2049039
186803
186801
2624479
39482
177400
39488
2040332
2840860
3076484
2049040
396812
2494733
3073565
3030912
841
2293129
1613
1392007
2047426
46206
2885356
3083110
2052179
2652289
233055
3138072
169435
2049044
2048138
166
2053624
2212467
1392502
2053611
1408313
971
2660712
626940
2823317
512296
